##BLOCKS= 22         
Plate:	Plate#1	1.3	PlateFormat	Endpoint	Absorbance	Raw	FALSE	1						1	650	1	12	96	1	8	None	
	Temperature(¡C)	1	2	3	4	5	6	7	8	9	10	11	12		
	0.00	0.037	0.066	0.069	0.151	0.065	0.067	0.068	0.068	0.067	0.069	0.068	0.068		
		0.038	0.071	0.071	0.073	0.071	0.074	0.072	0.072	0.073	0.067	0.071	0.07		
		0.038	0.07	0.07	0.071	0.071	0.068	0.071	0.07	0.073	0.067	0.068	0.068		
		0.034	0.064	0.066	0.068	0.068	0.064	0.069	0.065	0.063	0.065	0.064	0.06		
		0.035	0.07	0.073	0.076	0.072	0.074	0.075	0.074	0.073	0.074	0.073	0.07		
		0.041	0.075	0.075	0.077	0.073	0.074	0.072	0.076	0.074	0.067	0.069	0.071		
		0.041	0.069	0.071	0.074	0.072	0.073	0.235	0.072	0.072	0.07	0.076	0.065		
		0.04	0.07	0.074	0.074	0.068	0.071	0.07	0.075	0.069	0.07	0.072	0.071		
		
~End
Plate:	Plate#2	1.3	PlateFormat	Endpoint	Absorbance	Raw	FALSE	1						1	650	1	12	96	1	8	None	
	Temperature(¡C)	1	2	3	4	5	6	7	8	9	10	11	12		
	0.00	0.039	0.075	0.069	0.127	0.068	0.07	0.069	0.072	0.069	0.07	0.074	0.068		
		0.04	0.074	0.077	0.071	0.073	0.076	0.074	0.074	0.076	0.072	0.077	0.07		
		0.04	0.074	0.075	0.075	0.077	0.074	0.077	0.076	0.077	0.077	0.075	0.073		
		0.044	0.075	0.072	0.07	0.074	0.071	0.07	0.069	0.072	0.073	0.068	0.069		
		0.042	0.077	0.078	0.074	0.078	0.078	0.08	0.079	0.076	0.078	0.077	0.075		
		0.045	0.082	0.082	0.076	0.076	0.08	0.077	0.078	0.078	0.077	0.076	0.077		
		0.044	0.076	0.075	0.073	0.081	0.083	0.083	0.079	0.081	0.079	0.081	0.08		
		0.05	0.085	0.084	0.082	0.08	0.08	0.083	0.085	0.088	0.086	0.083	0.084		
		
~End
Plate:	Plate#3	1.3	PlateFormat	Endpoint	Absorbance	Raw	FALSE	1						1	650	1	12	96	1	8	None	
	Temperature(¡C)	1	2	3	4	5	6	7	8	9	10	11	12		
	0.00	0.037	0.064	0.069	0.068	0.069	0.071	0.072	0.073	0.072	0.074	0.073	0.076		
		0.039	0.076	0.076	0.077	0.076	0.078	0.076	0.077	0.079	0.074	0.079	0.078		
		0.041	0.077	0.078	0.079	0.08	0.077	0.081	0.079	0.084	0.077	0.078	0.08		
		0.04	0.074	0.074	0.077	0.077	0.073	0.078	0.074	0.073	0.075	0.073	0.07		
		0.041	0.077	0.08	0.081	0.076	0.079	0.079	0.077	0.078	0.079	0.078	0.077		
		0.043	0.081	0.08	0.082	0.079	0.08	0.077	0.08	0.08	0.073	0.075	0.079		
		0.042	0.069	0.07	0.072	0.071	0.071	0.072	0.072	0.074	0.072	0.08	0.074		
		0.041	0.065	0.069	0.071	0.069	0.074	0.074	0.071	0.068	0.067	0.067	0.078		
		
~End
Plate:	Plate#4	1.3	PlateFormat	Endpoint	Absorbance	Raw	FALSE	1						1	650	1	12	96	1	8	None	
	Temperature(¡C)	1	2	3	4	5	6	7	8	9	10	11	12		
	0.00	0.038	0.072	0.069	0.068	0.071	0.072	0.072	0.073	0.072	0.072	0.076	0.075		
		0.039	0.07	0.074	0.072	0.074	0.075	0.076	0.075	0.077	0.074	0.079	0.074		
		0.042	0.07	0.072	0.073	0.075	0.074	0.076	0.074	0.077	0.077	0.075	0.074		
		0.038	0.073	0.07	0.07	0.073	0.069	0.067	0.066	0.07	0.072	0.068	0.07		
		0.038	0.077	0.077	0.073	0.074	0.075	0.076	0.074	0.074	0.074	0.074	0.074		
		0.038	0.079	0.077	0.076	0.075	0.079	0.076	0.077	0.077	0.076	0.075	0.078		
		0.039	0.07	0.068	0.065	0.067	0.069	0.069	0.069	0.072	0.07	0.07	0.071		
		0.036	0.062	0.065	0.063	0.063	0.062	0.063	0.062	0.063	0.062	0.06	0.076		
		
~End
Plate:	Plate#5	1.3	PlateFormat	Endpoint	Absorbance	Raw	FALSE	1						1	650	1	12	96	1	8	None	
	Temperature(¡C)	1	2	3	4	5	6	7	8	9	10	11	12		
	0.00	0.037	0.061	0.069	0.073	0.078	0.085	0.092	0.091	0.093	0.095	0.093	0.102		
		0.038	0.098	0.1	0.102	0.096	0.097	0.097	0.1	0.103	0.096	0.104	0.101		
		0.04	0.097	0.099	0.099	0.1	0.093	0.099	0.098	0.103	0.096	0.1	0.1		
		0.037	0.089	0.088	0.095	0.093	0.089	0.096	0.089	0.087	0.094	0.091	0.087		
		0.038	0.096	0.1	0.1	0.093	0.097	0.099	0.095	0.096	0.098	0.097	0.096		
		0.045	0.102	0.098	0.101	0.096	0.099	0.096	0.098	0.098	0.092	0.096	0.099		
		0.04	0.068	0.069	0.071	0.07	0.07	0.072	0.075	0.08	0.081	0.095	0.094		
		0.039	0.062	0.066	0.068	0.066	0.09	0.065	0.069	0.065	0.065	0.086	0.101		
		
~End
Plate:	Plate#6	1.3	PlateFormat	Endpoint	Absorbance	Raw	FALSE	1						1	650	1	12	96	1	8	None	
	Temperature(¡C)	1	2	3	4	5	6	7	8	9	10	11	12		
	0.00	0.038	0.067	0.069	0.074	0.084	0.087	0.091	0.097	0.095	0.095	0.097	0.099		
		0.039	0.066	0.076	0.081	0.089	0.095	0.097	0.1	0.103	0.096	0.104	0.098		
		0.047	0.066	0.073	0.083	0.091	0.094	0.101	0.098	0.1	0.103	0.099	0.101		
		0.039	0.097	0.091	0.087	0.096	0.09	0.088	0.084	0.093	0.093	0.087	0.093		
		0.039	0.101	0.102	0.096	0.098	0.099	0.102	0.099	0.099	0.098	0.099	0.1		
		0.041	0.106	0.101	0.101	0.1	0.104	0.101	0.102	0.102	0.101	0.1	0.105		
		0.04	0.072	0.071	0.068	0.07	0.071	0.073	0.075	0.082	0.084	0.091	0.098		
		0.039	0.065	0.067	0.066	0.065	0.066	0.066	0.066	0.067	0.066	0.063	0.108		
		
~End
Plate:	Plate#7	1.3	PlateFormat	Endpoint	Absorbance	Raw	FALSE	1						1	650	1	12	96	1	8	None	
	Temperature(¡C)	1	2	3	4	5	6	7	8	9	10	11	12		
	0.00	0.037	0.06	0.075	0.094	0.097	0.108	0.122	0.118	0.125	0.127	0.124	0.133		
		0.038	0.128	0.129	0.131	0.125	0.125	0.125	0.128	0.136	0.124	0.136	0.131		
		0.038	0.124	0.127	0.128	0.127	0.12	0.127	0.122	0.133	0.124	0.134	0.131		
		0.037	0.114	0.111	0.123	0.118	0.114	0.125	0.115	0.11	0.122	0.118	0.112		
		0.038	0.127	0.13	0.127	0.12	0.125	0.13	0.121	0.124	0.126	0.127	0.125		
		0.046	0.13	0.123	0.126	0.122	0.125	0.124	0.123	0.124	0.117	0.125	0.128		
		0.04	0.068	0.071	0.073	0.071	0.071	0.073	0.079	0.091	0.092	0.11	0.121		
		0.039	0.062	0.066	0.067	0.065	0.088	0.064	0.068	0.064	0.065	0.084	0.132		
		
~End
Plate:	Plate#8	1.3	PlateFormat	Endpoint	Absorbance	Raw	FALSE	1						1	650	1	12	96	1	8	None	
	Temperature(¡C)	1	2	3	4	5	6	7	8	9	10	11	12		
	0.00	0.038	0.066	0.077	0.09	0.109	0.112	0.118	0.128	0.125	0.125	0.128	0.134		
		0.039	0.065	0.085	0.098	0.112	0.124	0.127	0.135	0.138	0.126	0.138	0.136		
		0.05	0.064	0.077	0.103	0.117	0.12	0.132	0.126	0.132	0.135	0.131	0.137		
		0.04	0.128	0.118	0.112	0.127	0.117	0.114	0.105	0.122	0.12	0.115	0.125		
		0.039	0.13	0.129	0.121	0.125	0.128	0.128	0.127	0.126	0.125	0.127	0.127		
		0.04	0.135	0.127	0.127	0.127	0.13	0.126	0.129	0.129	0.128	0.129	0.137		
		0.04	0.073	0.073	0.069	0.071	0.071	0.072	0.078	0.091	0.094	0.106	0.13		
		0.039	0.065	0.065	0.065	0.064	0.065	0.066	0.065	0.067	0.065	0.063	0.14		
		
~End
Plate:	Plate#9	1.3	PlateFormat	Endpoint	Absorbance	Raw	FALSE	1						1	650	1	12	96	1	8	None	
	Temperature(¡C)	1	2	3	4	5	6	7	8	9	10	11	12		
	0.00	0.036	0.056	0.109	0.136	0.138	0.154	0.173	0.166	0.176	0.176	0.17	0.192		
		0.039	0.193	0.193	0.194	0.189	0.19	0.188	0.192	0.207	0.19	0.204	0.194		
		0.041	0.189	0.193	0.194	0.191	0.183	0.193	0.184	0.206	0.188	0.203	0.196		
		0.038	0.174	0.163	0.182	0.181	0.173	0.187	0.175	0.169	0.187	0.181	0.169		
		0.039	0.189	0.194	0.187	0.183	0.186	0.192	0.18	0.188	0.188	0.19	0.184		
		0.051	0.197	0.186	0.186	0.185	0.187	0.186	0.183	0.189	0.179	0.19	0.189		
		0.04	0.07	0.072	0.073	0.071	0.072	0.074	0.087	0.101	0.107	0.134	0.176		
		0.039	0.06	0.064	0.066	0.063	0.089	0.063	0.065	0.063	0.062	0.084	0.192		
		
~End
Plate:	Plate#10	1.3	PlateFormat	Endpoint	Absorbance	Raw	FALSE	1						1	650	1	12	96	1	8	None	
	Temperature(¡C)	1	2	3	4	5	6	7	8	9	10	11	12		
	0.00	0.038	0.063	0.119	0.133	0.164	0.17	0.175	0.184	0.185	0.18	0.185	0.204		
		0.04	0.062	0.126	0.146	0.173	0.185	0.191	0.202	0.205	0.187	0.203	0.204		
		0.041	0.062	0.112	0.153	0.172	0.178	0.196	0.189	0.2	0.201	0.195	0.209		
		0.04	0.191	0.178	0.162	0.195	0.181	0.176	0.16	0.187	0.184	0.179	0.191		
		0.04	0.19	0.185	0.182	0.188	0.193	0.188	0.191	0.195	0.19	0.19	0.297		
		0.041	0.197	0.189	0.19	0.186	0.193	0.191	0.195	0.199	0.196	0.197	0.207		
		0.04	0.072	0.075	0.071	0.07	0.071	0.074	0.085	0.1	0.108	0.133	0.191		
		0.038	0.061	0.063	0.063	0.061	0.064	0.063	0.061	0.063	0.062	0.06	0.205		
		
~End
Plate:	Plate#11	1.3	PlateFormat	Endpoint	Absorbance	Raw	FALSE	1						1	650	1	12	96	1	8	None	
	Temperature(¡C)	1	2	3	4	5	6	7	8	9	10	11	12		
	0.00	0.036	0.055	0.132	0.17	0.161	0.17	0.188	0.172	0.183	0.184	0.179	0.203		
		0.037	0.207	0.208	0.209	0.208	0.203	0.204	0.209	0.227	0.208	0.22	0.204		
		0.034	0.202	0.207	0.208	0.204	0.194	0.207	0.194	0.222	0.202	0.22	0.206		
		0.031	0.188	0.177	0.198	0.2	0.191	0.206	0.192	0.184	0.206	0.2	0.179		
		0.033	0.204	0.21	0.202	0.199	0.203	0.21	0.195	0.21	0.206	0.206	0.194		
		0.045	0.211	0.199	0.199	0.201	0.206	0.205	0.198	0.211	0.198	0.209	0.202		
		0.038	0.07	0.071	0.07	0.068	0.07	0.071	0.085	0.104	0.109	0.143	0.189		
		0.034	0.055	0.059	0.062	0.058	0.085	0.058	0.059	0.058	0.059	0.079	0.197		
		
~End
Plate:	Plate#12	1.3	PlateFormat	Endpoint	Absorbance	Raw	FALSE	1						1	650	1	12	96	1	8	None	
	Temperature(¡C)	1	2	3	4	5	6	7	8	9	10	11	12		
	0.00	0.036	0.06	0.136	0.152	0.18	0.183	0.183	0.185	0.194	0.182	0.192	0.234		
		0.037	0.059	0.152	0.173	0.198	0.196	0.203	0.21	0.213	0.197	0.21	0.226		
		0.037	0.056	0.135	0.178	0.193	0.189	0.201	0.199	0.209	0.214	0.21	0.232		
		0.038	0.198	0.186	0.173	0.205	0.198	0.184	0.179	0.2	0.199	0.196	0.212		
		0.039	0.188	0.195	0.191	0.206	0.203	0.199	0.2	0.204	0.203	0.204	0.302		
		0.036	0.206	0.192	0.203	0.196	0.205	0.204	0.199	0.205	0.208	0.21	0.232		
		0.044	0.08	0.083	0.081	0.081	0.077	0.082	0.089	0.106	0.117	0.154	0.205		
		0.038	0.061	0.063	0.063	0.061	0.066	0.063	0.065	0.064	0.062	0.059	0.216		
		
~End
Plate:	Plate#13	1.3	PlateFormat	Endpoint	Absorbance	Raw	FALSE	1						1	650	1	12	96	1	8	None	
	Temperature(¡C)	1	2	3	4	5	6	7	8	9	10	11	12		
	0.00	0.036	0.056	0.2	0.227	0.211	0.218	0.24	0.219	0.232	0.244	0.234	0.256		
		0.038	0.257	0.261	0.256	0.263	0.26	0.254	0.255	0.28	0.273	0.272	0.263		
		0.07	0.23	0.264	0.265	0.26	0.253	0.264	0.242	0.281	0.27	0.273	0.27		
		0.039	0.239	0.225	0.244	0.251	0.251	0.255	0.244	0.241	0.264	0.257	0.241		
		0.041	0.228	0.264	0.252	0.253	0.255	0.267	0.246	0.272	0.27	0.259	0.249		
		0.054	0.268	0.245	0.245	0.253	0.26	0.261	0.246	0.27	0.262	0.261	0.263		
		0.039	0.072	0.08	0.069	0.069	0.076	0.078	0.1	0.135	0.154	0.185	0.251		
		0.037	0.054	0.058	0.058	0.056	0.076	0.057	0.059	0.057	0.059	0.081	0.255		
		
~End
Plate:	Plate#14	1.3	PlateFormat	Endpoint	Absorbance	Raw	FALSE	1						1	650	1	12	96	1	8	None	
	Temperature(¡C)	1	2	3	4	5	6	7	8	9	10	11	12		
	0.00	0.037	0.132	0.197	0.2	0.229	0.235	0.229	0.22	0.235	0.223	0.237	0.275		
		0.035	0.102	0.216	0.234	0.248	0.252	0.261	0.262	0.268	0.251	0.261	0.275		
		0.045	0.072	0.211	0.235	0.249	0.245	0.257	0.257	0.269	0.266	0.257	0.279		
		0.051	0.262	0.245	0.233	0.268	0.25	0.236	0.243	0.259	0.248	0.244	0.272		
		0.098	0.249	0.252	0.255	0.264	0.262	0.252	0.253	0.265	0.261	0.256	0.376		
		0.044	0.259	0.244	0.252	0.247	0.253	0.255	0.245	0.259	0.256	0.247	0.273		
		0.041	0.078	0.084	0.083	0.081	0.074	0.083	0.096	0.13	0.15	0.175	0.247		
		0.038	0.058	0.06	0.06	0.059	0.063	0.06	0.064	0.061	0.06	0.058	0.261		
		
~End
Plate:	Plate#15	1.3	PlateFormat	Endpoint	Absorbance	Raw	FALSE	1						1	650	1	12	96	1	8	None	
	Temperature(¡C)	1	2	3	4	5	6	7	8	9	10	11	12		
	0.00	0.033	0.335	0.394	0.602	0.565	0.676	0.622	0.497	0.593	0.581	0.546	0.571		
		0.038	0.496	0.48	0.472	0.518	0.502	0.548	0.497	0.479	0.686	0.587	0.595		
		0.565	0.529	0.525	0.499	0.547	0.537	0.56	0.492	0.55	0.609	0.573	0.536		
		0.036	0.528	0.449	0.48	0.62	0.539	0.556	0.504	0.537	0.689	0.578	0.672		
		0.038	0.509	0.509	0.459	0.543	0.486	0.52	0.492	0.53	0.646	0.574	0.509		
		0.056	0.525	0.492	0.468	0.502	0.512	0.542	0.494	0.566	0.566	0.54	0.51		
		0.037	0.161	0.151	0.135	0.085	0.102	0.113	0.192	0.244	0.381	0.4	0.608		
		0.035	0.075	0.076	0.072	0.078	0.125	0.056	0.08	0.06	0.077	0.103	0.602		
		
~End
Plate:	Plate#16	1.3	PlateFormat	Endpoint	Absorbance	Raw	FALSE	1						1	650	1	12	96	1	8	None	
	Temperature(¡C)	1	2	3	4	5	6	7	8	9	10	11	12		
	0.00	0.371	0.447	0.45	0.406	0.65	0.571	0.517	0.702	0.582	0.595	0.698	0.732		
		0.378	0.398	0.448	0.494	0.487	0.477	0.523	0.515	0.598	0.539	0.574	0.574		
		0.467	0.434	0.454	0.487	0.49	0.541	0.602	0.532	0.605	0.586	0.54	0.564		
		0.598	0.56	0.541	0.583	0.595	0.59	0.643	0.687	0.707	0.684	0.617	0.51		
		0.62	0.549	0.524	0.595	0.563	0.567	0.54	0.526	0.519	0.613	0.544	0.585		
		0.652	0.497	0.517	0.485	0.571	0.513	0.568	0.548	0.564	0.535	0.606	0.591		
		0.041	0.136	0.112	0.122	0.104	0.106	0.144	0.195	0.245	0.353	0.461	0.563		
		0.509	0.066	0.074	0.078	0.077	0.067	0.066	0.076	0.056	0.082	0.066	0.602		
		
~End
Plate:	Plate#17	1.3	PlateFormat	Endpoint	Absorbance	Raw	FALSE	1						1	650	1	12	96	1	8	None	
	Temperature(¡C)	1	2	3	4	5	6	7	8	9	10	11	12		
	0.00	0.034	0.296	0.449	0.589	0.712	0.44	0.838	0.675	0.86	0.839	0.546	0.77		
		0.039	0.667	0.572	0.549	0.642	0.586	0.772	0.559	0.584	0.586	0.736	0.821		
		0.611	0.646	0.651	0.578	0.819	0.705	0.701	0.585	0.623	0.673	0.739	0.727		
		0.035	0.715	0.527	0.605	0.734	0.675	0.705	0.609	0.646	0.808	0.777	0.783		
		0.036	0.65	0.618	0.501	0.683	0.574	0.625	0.557	0.61	0.76	0.714	0.704		
		0.051	0.705	0.606	0.513	0.564	0.628	0.674	0.551	0.684	0.686	0.629	0.706		
		0.034	0.136	0.142	0.144	0.124	0.175	0.169	0.284	0.362	0.353	0.519	0.749		
		0.032	0.056	0.062	0.066	0.061	0.112	0.057	0.078	0.06	0.057	0.12	0.752		
		
~End
Plate:	Plate#18	1.3	PlateFormat	Endpoint	Absorbance	Raw	FALSE	1						1	650	1	12	96	1	8	None	
	Temperature(¡C)	1	2	3	4	5	6	7	8	9	10	11	12		
	0.00	0.346	0.51	0.557	0.39	0.412	0.744	0.584	0.507	0.791	0.747	0.53	0.517		
		0.36	0.5	0.54	0.685	0.549	0.536	0.596	0.686	0.699	0.629	0.62	0.695		
		0.395	0.589	0.568	0.549	0.531	0.619	0.73	0.627	0.713	0.656	0.545	0.655		
		0.511	0.746	0.729	0.416	0.705	0.66	0.718	0.59	0.661	0.774	0.693	0.469		
		0.464	0.692	0.658	0.522	0.688	0.687	0.59	0.553	0.553	0.662	0.541	0.695		
		0.462	0.548	0.607	0.501	0.686	0.529	0.634	0.605	0.591	0.518	0.679	0.627		
		0.038	0.158	0.152	0.149	0.146	0.167	0.207	0.258	0.341	0.457	0.508	0.676		
		0.657	0.075	0.061	0.06	0.059	0.061	0.077	0.065	0.074	0.078	0.082	0.731		
		
~End
